pcon contingency
Spiking threshold: 0.33 Hz
Number of trials: 100
List of seeds: [0, 1, 2, 3, 4, 5, 6, 7, 8, 9, 10, 11, 12, 13, 14, 15, 16, 17, 18, 19, 20, 21, 22, 23, 24, 25, 26, 27, 28, 29, 30, 31, 32, 33, 34, 35, 36, 37, 38, 39, 40, 41, 42, 43, 44, 45, 46, 47, 48, 49, 50, 51, 52, 53, 54, 55, 56, 57, 58, 59, 60, 61, 62, 63, 64, 65, 66, 67, 68, 69, 70, 71, 72, 73, 74, 75, 76, 77, 78, 79, 80, 81, 82, 83, 84, 85, 86, 87, 88, 89, 90, 91, 92, 93, 94, 95, 96, 97, 98, 99]

=================
-----------------
|| AMPA channel ||
-----------------
=================

to_ALL_stripe_0_from_ALL_stripe_0

Average across all simulations:
Spiking cells: 15.21%
Not-spiking cells: 11.21%

Ocurrences of significant difference: 100
-- Higher in spiking cells: 100 (seeds: 0, 1, 2, 3, 4, 5, 6, 7, 8, 9, 10, 11, 12, 13, 14, 15, 16, 17, 18, 19, 20, 21, 22, 23, 24, 25, 26, 27, 28, 29, 30, 31, 32, 33, 34, 35, 36, 37, 38, 39, 40, 41, 42, 43, 44, 45, 46, 47, 48, 49, 50, 51, 52, 53, 54, 55, 56, 57, 58, 59, 60, 61, 62, 63, 64, 65, 66, 67, 68, 69, 70, 71, 72, 73, 74, 75, 76, 77, 78, 79, 80, 81, 82, 83, 84, 85, 86, 87, 88, 89, 90, 91, 92, 93, 94, 95, 96, 97, 98, 99)
-- Higher in not-spiking cells: 0

----------------------------------------
to_PC_stripe_0_from_ALL_stripe_0

Average across all simulations:
Spiking cells: 11.72%
Not-spiking cells: 10.70%

Ocurrences of significant difference: 90
-- Higher in spiking cells: 87 (seeds: 0, 1, 2, 4, 5, 6, 7, 8, 9, 10, 14, 15, 16, 18, 19, 20, 21, 22, 23, 24, 25, 26, 28, 29, 30, 31, 32, 33, 34, 35, 36, 37, 38, 39, 40, 41, 42, 43, 44, 45, 47, 48, 49, 50, 51, 52, 54, 56, 57, 58, 60, 61, 62, 63, 64, 65, 66, 67, 68, 69, 70, 71, 73, 74, 75, 76, 77, 78, 79, 80, 81, 82, 83, 84, 85, 86, 87, 88, 89, 90, 91, 92, 93, 95, 96, 98, 99)
-- Higher in not-spiking cells: 3 (seeds: 12, 59, 94)

----------------------------------------
to_IN_stripe_0_from_ALL_stripe_0

Average across all simulations:
Spiking cells: 17.72%
Not-spiking cells: 19.98%

Ocurrences of significant difference: 100
-- Higher in spiking cells: 0
-- Higher in not-spiking cells: 100 (seeds: 0, 1, 2, 3, 4, 5, 6, 7, 8, 9, 10, 11, 12, 13, 14, 15, 16, 17, 18, 19, 20, 21, 22, 23, 24, 25, 26, 27, 28, 29, 30, 31, 32, 33, 34, 35, 36, 37, 38, 39, 40, 41, 42, 43, 44, 45, 46, 47, 48, 49, 50, 51, 52, 53, 54, 55, 56, 57, 58, 59, 60, 61, 62, 63, 64, 65, 66, 67, 68, 69, 70, 71, 72, 73, 74, 75, 76, 77, 78, 79, 80, 81, 82, 83, 84, 85, 86, 87, 88, 89, 90, 91, 92, 93, 94, 95, 96, 97, 98, 99)

----------------------------------------
========================================
========================================

=================
-----------------
|| GABA channel ||
-----------------
=================

to_ALL_stripe_0_from_ALL_stripe_0

Average across all simulations:
Spiking cells: 3.86%
Not-spiking cells: 5.59%

Ocurrences of significant difference: 100
-- Higher in spiking cells: 0
-- Higher in not-spiking cells: 100 (seeds: 0, 1, 2, 3, 4, 5, 6, 7, 8, 9, 10, 11, 12, 13, 14, 15, 16, 17, 18, 19, 20, 21, 22, 23, 24, 25, 26, 27, 28, 29, 30, 31, 32, 33, 34, 35, 36, 37, 38, 39, 40, 41, 42, 43, 44, 45, 46, 47, 48, 49, 50, 51, 52, 53, 54, 55, 56, 57, 58, 59, 60, 61, 62, 63, 64, 65, 66, 67, 68, 69, 70, 71, 72, 73, 74, 75, 76, 77, 78, 79, 80, 81, 82, 83, 84, 85, 86, 87, 88, 89, 90, 91, 92, 93, 94, 95, 96, 97, 98, 99)

----------------------------------------
to_PC_stripe_0_from_ALL_stripe_0

Average across all simulations:
Spiking cells: 5.53%
Not-spiking cells: 5.75%

Ocurrences of significant difference: 76
-- Higher in spiking cells: 0
-- Higher in not-spiking cells: 76 (seeds: 0, 1, 2, 3, 5, 6, 7, 8, 9, 10, 11, 12, 13, 14, 15, 18, 19, 20, 22, 23, 24, 25, 26, 27, 28, 29, 30, 33, 34, 35, 37, 38, 39, 40, 41, 42, 43, 44, 46, 47, 52, 53, 54, 55, 56, 58, 59, 61, 63, 64, 66, 68, 69, 70, 72, 74, 75, 77, 78, 79, 80, 81, 82, 83, 84, 85, 86, 87, 88, 90, 93, 94, 95, 96, 97, 99)

----------------------------------------
to_IN_stripe_0_from_ALL_stripe_0

Average across all simulations:
Spiking cells: 2.64%
Not-spiking cells: 2.82%

Ocurrences of significant difference: 41
-- Higher in spiking cells: 0
-- Higher in not-spiking cells: 41 (seeds: 0, 2, 4, 5, 12, 15, 19, 22, 24, 26, 27, 28, 31, 33, 35, 40, 43, 44, 47, 48, 49, 51, 52, 56, 57, 61, 63, 65, 68, 69, 70, 71, 74, 78, 79, 80, 83, 84, 89, 91, 94)

----------------------------------------
========================================
========================================

=================
-----------------
|| NMDA channel ||
-----------------
=================

to_ALL_stripe_0_from_ALL_stripe_0

Average across all simulations:
Spiking cells: 15.21%
Not-spiking cells: 11.21%

Ocurrences of significant difference: 100
-- Higher in spiking cells: 100 (seeds: 0, 1, 2, 3, 4, 5, 6, 7, 8, 9, 10, 11, 12, 13, 14, 15, 16, 17, 18, 19, 20, 21, 22, 23, 24, 25, 26, 27, 28, 29, 30, 31, 32, 33, 34, 35, 36, 37, 38, 39, 40, 41, 42, 43, 44, 45, 46, 47, 48, 49, 50, 51, 52, 53, 54, 55, 56, 57, 58, 59, 60, 61, 62, 63, 64, 65, 66, 67, 68, 69, 70, 71, 72, 73, 74, 75, 76, 77, 78, 79, 80, 81, 82, 83, 84, 85, 86, 87, 88, 89, 90, 91, 92, 93, 94, 95, 96, 97, 98, 99)
-- Higher in not-spiking cells: 0

----------------------------------------
to_PC_stripe_0_from_ALL_stripe_0

Average across all simulations:
Spiking cells: 11.72%
Not-spiking cells: 10.70%

Ocurrences of significant difference: 90
-- Higher in spiking cells: 87 (seeds: 0, 1, 2, 4, 5, 6, 7, 8, 9, 10, 14, 15, 16, 18, 19, 20, 21, 22, 23, 24, 25, 26, 28, 29, 30, 31, 32, 33, 34, 35, 36, 37, 38, 39, 40, 41, 42, 43, 44, 45, 47, 48, 49, 50, 51, 52, 54, 56, 57, 58, 60, 61, 62, 63, 64, 65, 66, 67, 68, 69, 70, 71, 73, 74, 75, 76, 77, 78, 79, 80, 81, 82, 83, 84, 85, 86, 87, 88, 89, 90, 91, 92, 93, 95, 96, 98, 99)
-- Higher in not-spiking cells: 3 (seeds: 12, 59, 94)

----------------------------------------
to_IN_stripe_0_from_ALL_stripe_0

Average across all simulations:
Spiking cells: 17.72%
Not-spiking cells: 19.98%

Ocurrences of significant difference: 100
-- Higher in spiking cells: 0
-- Higher in not-spiking cells: 100 (seeds: 0, 1, 2, 3, 4, 5, 6, 7, 8, 9, 10, 11, 12, 13, 14, 15, 16, 17, 18, 19, 20, 21, 22, 23, 24, 25, 26, 27, 28, 29, 30, 31, 32, 33, 34, 35, 36, 37, 38, 39, 40, 41, 42, 43, 44, 45, 46, 47, 48, 49, 50, 51, 52, 53, 54, 55, 56, 57, 58, 59, 60, 61, 62, 63, 64, 65, 66, 67, 68, 69, 70, 71, 72, 73, 74, 75, 76, 77, 78, 79, 80, 81, 82, 83, 84, 85, 86, 87, 88, 89, 90, 91, 92, 93, 94, 95, 96, 97, 98, 99)

----------------------------------------
========================================
========================================

